5 bits

00001   1    
00010   2
00100   4   
01000   8
10000   16

preciso de 
3,5,6,7,9,10,11,12,13,14,15

00011 3
00101 5
00110 6
00111 7
01001 9
01010 10
01011 11
01100 12
01101 13
01110 14
01111 15

reverse of 5 bits
11110 30
11101 29
11011
10111
01111


função 

4 bits

0001    1
0010    2
0100    4
1000    8

preciso de 
3,5,6,7

0011
0101
0110
0111


6 bits
000001  1 
000010  2
000100  4
001000  8
010000  16
100000  32

preciso de
3,5,6,7,9,10,11,12,13,14,15,17,18,19,20,21,22,23,24,25,26,27,28,29,30,31
